2016-03-18,98.00,98.00,93.110001,93.419998,12516700,93.419998
2016-03-17,88.660004,90.209999,87.25,89.959999,6357200,89.959999
2016-03-16,86.699997,88.480003,86.400002,88.169998,3365900,88.169998
2016-03-15,86.400002,87.190002,86.220001,86.830002,2906800,86.830002
2016-03-14,86.110001,87.75,85.839996,87.010002,3752700,87.010002
2016-03-11,85.199997,86.230003,84.629997,86.00,2918000,86.00
2016-03-10,85.059998,86.519997,83.589996,84.849998,2968700,84.849998
2016-03-09,84.879997,85.290001,83.25,85.269997,2490100,85.269997
2016-03-08,84.25,85.949997,83.169998,84.349998,3227700,84.349998
2016-03-07,85.580002,85.959999,84.050003,85.110001,3121300,85.110001
2016-03-04,87.93,87.940002,85.580002,86.18,2999100,86.18
2016-03-03,88.50,88.50,85.849998,87.209999,3082100,87.209999
2016-03-02,88.120003,88.550003,87.260002,88.389999,2863500,88.389999
2016-03-01,85.919998,88.400002,84.589996,88.370003,3603900,88.370003
2016-02-29,86.010002,86.190002,85.089996,85.150002,3156400,85.150002
2016-02-26,87.110001,87.480003,84.099998,86.599998,3722000,86.599998
2016-02-25,84.760002,86.720001,84.150002,86.68,3274200,86.68
2016-02-24,82.220001,83.529999,80.93,83.419998,2664400,83.419998
2016-02-23,83.410004,84.489998,82.860001,83.07,2948000,83.07
2016-02-22,82.089996,84.160004,82.050003,83.800003,3608900,83.800003
2016-02-19,80.32,80.940002,79.510002,80.870003,3926600,80.870003
2016-02-18,82.300003,82.82,80.139999,80.529999,3515600,80.529999
2016-02-17,79.400002,82.07,78.540001,81.849998,4444000,81.849998
2016-02-16,77.129997,79.199997,77.129997,78.879997,4692900,78.879997
2016-02-12,75.989998,77.360001,75.400002,76.669998,4354900,76.669998
2016-02-11,74.040001,75.529999,73.580002,74.940002,4965900,74.940002
2016-02-10,74.989998,77.610001,73.900002,75.529999,6461300,75.529999
2016-02-09,74.760002,77.190002,73.040001,73.849998,6650800,73.849998
2016-02-08,77.400002,78.330002,71.269997,74.940002,12905700,74.940002
2016-02-05,85.50,85.50,77.830002,79.199997,10604600,79.199997
2016-02-04,87.82,87.970001,85.779999,86.360001,3407200,86.360001
2016-02-03,88.910004,89.25,86.669998,87.989998,3185700,87.989998
2016-02-02,88.709999,89.019997,87.639999,87.949997,3060800,87.949997
2016-02-01,88.160004,90.239998,87.900002,89.610001,2873900,89.610001
2016-01-29,85.550003,89.129997,85.120003,89.129997,4652500,89.129997
2016-01-28,85.540001,85.739998,82.699997,84.519997,5315500,84.519997
2016-01-27,87.269997,87.830002,84.510002,84.849998,3041900,84.849998
2016-01-26,87.260002,87.580002,85.470001,86.889999,2745700,86.889999
2016-01-25,88.389999,89.260002,86.629997,86.769997,3935600,86.769997
2016-01-22,89.550003,89.93,88.480003,89.629997,5390100,89.629997
2016-01-21,88.639999,89.93,87.139999,88.00,4298700,88.00
2016-01-20,87.690002,88.760002,84.669998,87.940002,3666100,87.940002
2016-01-19,90.290001,91.400002,88.370003,89.18,3673100,89.18
2016-01-15,86.839996,89.349998,86.82,89.169998,3921500,89.169998
2016-01-14,88.919998,90.300003,87.32,89.800003,4052500,89.800003
2016-01-13,90.589996,91.440002,87.989998,88.300003,3368100,88.300003
2016-01-12,89.889999,91.029999,88.410004,89.82,2333600,89.82
2016-01-11,88.07,89.800003,87.839996,89.379997,2356600,89.379997
2016-01-08,89.68,89.989998,87.629997,87.849998,2249200,87.849998
2016-01-07,89.400002,91.400002,88.709999,89.110001,2696400,89.110001
2016-01-06,91.099998,91.50,90.239998,91.019997,1667700,91.019997
2016-01-05,92.010002,92.849998,91.410004,92.339996,1821300,92.339996
2016-01-04,91.769997,92.00,90.540001,91.970001,2966900,91.970001
2015-12-31,95.07,95.209999,93.879997,93.940002,1408500,93.940002
2015-12-30,95.190002,96.019997,95.00,95.279999,1153600,95.279999
2015-12-29,94.599998,95.900002,94.599998,95.330002,1119800,95.330002
2015-12-28,93.790001,94.300003,93.230003,94.199997,1027000,94.199997
2015-12-24,94.449997,95.190002,94.029999,94.300003,598200,94.300003
2015-12-23,94.419998,94.989998,93.529999,94.699997,1525000,94.699997
2015-12-22,91.940002,93.949997,91.629997,93.82,1869500,93.82
2015-12-21,92.160004,92.690002,90.809998,91.620003,2425900,91.620003
2015-12-18,93.730003,93.919998,91.300003,91.309998,5252000,91.309998
2015-12-17,95.699997,96.419998,94.190002,94.199997,3061500,94.199997
2015-12-16,94.410004,95.660004,93.610001,95.559998,2346100,95.559998
2015-12-15,93.980003,95.790001,93.720001,94.019997,4083100,94.019997
2015-12-14,91.709999,93.309998,91.019997,93.260002,3784100,93.260002
2015-12-11,92.510002,93.650002,90.120003,91.419998,8307200,91.419998
2015-12-10,90.410004,90.43,88.510002,88.959999,4633900,88.959999
2015-12-09,91.040001,91.790001,88.949997,89.559998,3333600,89.559998
2015-12-08,89.220001,92.089996,88.959999,91.720001,3372900,91.720001
2015-12-07,92.559998,92.879997,89.220001,89.599998,3958700,89.599998
2015-12-04,90.129997,92.82,90.129997,92.580002,2980800,92.580002
2015-12-03,91.970001,92.760002,89.730003,89.910004,2424500,89.910004
2015-12-02,92.519997,92.849998,91.68,92.019997,1904500,92.019997
2015-12-01,92.010002,92.580002,91.099998,92.550003,1545100,92.550003
2015-11-30,92.410004,92.660004,91.129997,91.459999,2380200,91.459999
2015-11-27,91.860001,92.57,91.769997,92.169998,633000,92.169998
2015-11-25,92.300003,92.50,91.699997,91.769997,1117800,91.769997
2015-11-24,91.139999,92.220001,90.089996,92.00,2046200,92.00
2015-11-23,91.82,92.370003,91.269997,91.959999,1570400,91.959999
2015-11-20,92.330002,92.50,91.220001,91.809998,2134500,91.809998
2015-11-19,91.519997,92.129997,91.279999,91.760002,2414400,91.760002
2015-11-18,90.309998,91.389999,89.470001,91.269997,1453600,91.269997
2015-11-17,89.959999,91.290001,89.870003,90.290001,1736500,90.290001
2015-11-16,89.660004,89.800003,88.00,89.769997,2198500,89.769997
2015-11-13,90.949997,90.949997,88.800003,89.019997,1831400,89.019997
2015-11-12,91.080002,91.879997,90.739998,90.839996,2458800,90.839996
2015-11-11,90.68,91.470001,90.25,91.209999,2361500,91.209999
2015-11-10,89.559998,90.309998,88.989998,90.279999,1943600,90.279999
2015-11-09,90.239998,90.489998,88.989998,89.800003,1705200,89.800003
2015-11-06,90.07,90.790001,88.970001,90.690002,2004200,90.690002
2015-11-05,91.50,91.870003,89.790001,90.550003,1835600,90.550003
2015-11-04,90.339996,91.339996,90.209999,91.010002,1873700,91.010002
2015-11-03,89.589996,90.739998,88.919998,90.360001,2102200,90.360001
2015-11-02,89.029999,90.550003,88.470001,89.910004,2904700,89.910004
2015-10-30,87.989998,89.489998,87.900002,88.660004,2131600,88.660004
2015-10-29,88.260002,88.50,87.510002,88.120003,1623400,88.120003
2015-10-28,88.440002,88.830002,87.580002,88.50,3206700,88.50
2015-10-27,88.650002,88.849998,87.809998,88.050003,2593600,88.050003
2015-10-26,87.910004,89.699997,87.610001,88.839996,2375700,88.839996
2015-10-23,89.00,89.440002,87.440002,87.860001,6744100,87.860001
2015-10-22,86.559998,88.830002,86.559998,88.459999,3547100,88.459999
2015-10-21,87.220001,87.57,85.870003,86.129997,2883000,86.129997
2015-10-20,88.150002,88.650002,86.419998,86.839996,2694200,86.839996
2015-10-19,88.150002,88.489998,87.029999,88.400002,3353900,88.400002
2015-10-16,87.169998,89.040001,86.18,88.669998,5322700,88.669998
2015-10-15,84.190002,86.860001,84.089996,86.769997,4381900,86.769997
2015-10-14,84.00,84.730003,83.400002,83.800003,2391200,83.800003
2015-10-13,83.32,84.639999,83.309998,83.650002,1992800,83.650002
2015-10-12,83.660004,84.839996,83.230003,83.919998,2706600,83.919998
2015-10-09,82.410004,83.900002,81.989998,83.82,3774300,83.82
2015-10-08,80.449997,82.480003,80.199997,82.260002,4596000,82.260002
2015-10-07,82.199997,83.099998,79.019997,80.650002,14474800,80.650002
2015-10-06,85.599998,86.00,84.839996,85.150002,4263000,85.150002
2015-10-05,84.800003,86.309998,84.489998,85.839996,4204800,85.839996
2015-10-02,82.209999,84.010002,81.290001,83.989998,3402600,83.989998
2015-10-01,82.419998,83.769997,81.57,83.75,3407800,83.75
2015-09-30,80.879997,82.370003,80.379997,82.220001,3653800,82.220001
2015-09-29,80.519997,80.580002,79.089996,79.830002,3126300,79.830002
2015-09-28,82.879997,83.00,80.029999,80.519997,3435700,80.519997
2015-09-25,84.709999,84.720001,82.580002,83.129997,3736900,83.129997
2015-09-24,85.07,85.370003,83.360001,83.910004,4463700,83.910004
2015-09-23,84.919998,85.989998,84.050003,85.50,4007700,85.50
2015-09-22,81.980003,84.830002,81.769997,84.660004,6336500,84.660004
2015-09-21,81.419998,83.690002,81.419998,83.32,4919700,83.32
2015-09-18,78.540001,84.949997,78.160004,81.25,16424000,81.25
2015-09-17,80.449997,81.879997,79.699997,80.309998,4892900,80.309998
2015-09-16,79.510002,80.669998,79.32,80.529999,2509800,80.529999
2015-09-15,78.610001,80.110001,78.300003,79.529999,3436300,79.529999
2015-09-14,79.349998,79.410004,78.279999,78.459999,2545900,78.459999
2015-09-11,78.440002,79.230003,77.940002,79.190002,2913700,79.190002
2015-09-10,78.629997,78.970001,78.010002,78.699997,3541000,78.699997
2015-09-09,80.790001,81.510002,78.230003,78.519997,2460300,78.519997
2015-09-08,78.639999,79.910004,78.129997,79.779999,2670600,79.779999
2015-09-04,76.989998,78.269997,76.389999,76.889999,2326500,76.889999
2015-09-03,77.599998,79.550003,77.360001,78.32,3480100,78.32
2015-09-02,77.00,77.330002,75.540001,77.25,3533800,77.25
2015-09-01,77.07,77.82,75.629997,75.989998,3206400,75.989998
2015-08-31,79.379997,79.699997,78.300003,78.57,2313100,78.57
2015-08-28,78.419998,79.449997,77.75,79.400002,3316400,79.400002
2015-08-27,78.410004,79.279999,77.389999,78.910004,5197200,78.910004
2015-08-26,76.139999,77.610001,74.559998,77.330002,4243600,77.330002
2015-08-25,77.019997,78.330002,74.470001,74.57,7465400,74.57
2015-08-24,75.00,77.82,71.330002,74.269997,6938500,74.269997
2015-08-21,81.940002,82.160004,78.870003,78.870003,6807400,78.870003
2015-08-20,84.660004,84.900002,82.690002,82.690002,3108800,82.690002
2015-08-19,86.120003,86.470001,85.209999,85.480003,2460800,85.480003
2015-08-18,86.980003,87.25,86.029999,86.449997,1468300,86.449997
2015-08-17,86.00,86.779999,84.900002,86.769997,1788300,86.769997
2015-08-14,83.959999,86.379997,83.959999,86.120003,2610200,86.120003
2015-08-13,83.82,84.830002,83.00,84.309998,1963400,84.309998
2015-08-12,83.160004,84.139999,82.080002,83.82,2218500,83.82
2015-08-11,84.059998,84.860001,83.050003,83.900002,3103200,83.900002
2015-08-10,83.389999,83.919998,83.190002,83.620003,1999600,83.620003
2015-08-07,81.870003,82.919998,81.480003,82.690002,1989700,82.690002
2015-08-06,83.470001,83.629997,82.07,82.190002,2272300,82.190002
2015-08-05,82.779999,84.120003,82.169998,83.379997,1773000,83.379997
2015-08-04,81.43,82.18,81.169998,82.059998,1375400,82.059998
2015-08-03,82.18,82.260002,80.699997,81.400002,2074000,81.400002
2015-07-31,81.800003,82.82,81.370003,81.989998,2893400,81.989998
2015-07-30,79.900002,81.800003,79.199997,81.290001,2072700,81.290001
2015-07-29,80.07,80.540001,79.559998,80.25,2178000,80.25
2015-07-28,80.07,80.650002,79.129997,80.589996,2681000,80.589996
2015-07-27,80.529999,80.699997,79.730003,79.93,2762700,79.93
2015-07-24,81.00,81.360001,80.540001,80.980003,3575300,80.980003
2015-07-23,80.800003,81.400002,80.480003,80.639999,2579500,80.639999
2015-07-22,81.379997,81.75,80.650002,80.730003,2601200,80.730003
2015-07-21,81.800003,82.099998,81.010002,81.190002,3916400,81.190002
2015-07-20,82.00,82.190002,81.449997,82.089996,1995800,82.089996
2015-07-17,82.169998,82.730003,81.480003,82.099998,2402700,82.099998
2015-07-16,82.650002,82.669998,82.199997,82.519997,2058100,82.519997
2015-07-15,82.199997,82.32,81.709999,82.120003,3214900,82.120003
2015-07-14,81.669998,82.349998,81.239998,81.889999,4428100,81.889999
2015-07-13,81.089996,81.660004,80.82,81.440002,4597200,81.440002
2015-07-10,81.50,81.50,80.470001,80.589996,3025100,80.589996
2015-07-09,80.739998,81.669998,80.410004,80.470001,3067900,80.470001
2015-07-08,79.949997,80.519997,79.400002,79.989998,4157600,79.989998
2015-07-07,80.769997,81.00,78.940002,80.589996,2781900,80.589996
2015-07-06,80.019997,81.190002,80.00,80.50,2590900,80.50
2015-07-02,81.190002,81.290001,80.379997,80.75,2200900,80.75
2015-07-01,81.57,81.919998,80.709999,80.940002,2944300,80.940002
2015-06-30,82.190002,82.339996,80.949997,81.010002,4086400,81.010002
2015-06-29,81.220001,82.059998,81.150002,81.279999,4060300,81.279999
2015-06-26,84.220001,84.220001,82.269997,82.739998,5914700,82.739998
2015-06-25,83.82,84.269997,83.489998,83.940002,3052900,83.940002
2015-06-24,83.220001,84.360001,82.970001,83.400002,4311200,83.400002
2015-06-23,82.169998,83.769997,82.099998,83.550003,4944400,83.550003
2015-06-22,80.00,82.660004,79.849998,82.279999,5830000,82.279999
2015-06-19,79.410004,79.940002,79.059998,79.699997,3155600,79.699997
2015-06-18,77.82,79.940002,77.82,79.389999,3858600,79.389999
2015-06-17,79.50,80.00,77.739998,77.910004,6464200,77.910004
2015-06-16,78.93,80.43,78.830002,79.940002,3579400,79.940002
2015-06-15,79.169998,79.25,78.349998,78.900002,2459700,78.900002
2015-06-12,79.330002,80.260002,79.059998,79.860001,1794900,79.860001
2015-06-11,79.809998,80.290001,79.419998,79.650002,1918300,79.650002
2015-06-10,78.18,79.699997,77.989998,79.559998,1776000,79.559998
2015-06-09,77.879997,78.050003,76.949997,77.900002,2100900,77.900002
2015-06-08,78.900002,79.18,77.900002,78.160004,1621300,78.160004
2015-06-05,78.639999,79.389999,78.379997,78.860001,1325500,78.860001
2015-06-04,79.860001,80.379997,78.639999,78.75,1659300,78.75
2015-06-03,79.93,80.339996,79.440002,80.129997,1972000,80.129997
2015-06-02,79.699997,80.220001,79.349998,79.82,1533100,79.82
2015-06-01,79.50,80.00,78.589996,79.870003,2288400,79.870003
2015-05-29,79.889999,79.989998,78.940002,79.089996,3288000,79.089996
2015-05-28,80.169998,80.419998,79.75,80.019997,1248400,80.019997
2015-05-27,79.550003,80.32,79.269997,80.160004,1671800,80.160004
2015-05-26,79.910004,80.120003,78.839996,79.360001,2080800,79.360001
2015-05-22,80.339996,80.699997,79.970001,80.040001,1824800,80.040001
2015-05-21,79.540001,80.739998,79.190002,80.559998,2761200,80.559998
2015-05-20,79.57,79.900002,78.910004,79.610001,2639000,79.610001
2015-05-19,79.75,79.93,79.370003,79.620003,2065600,79.620003
2015-05-18,78.690002,79.529999,78.400002,79.410004,1436000,79.410004
2015-05-15,80.00,80.00,78.629997,78.919998,2676200,78.919998
2015-05-14,77.639999,79.809998,77.099998,79.43,3068100,79.43
2015-05-13,76.599998,77.480003,76.529999,77.080002,1830500,77.080002
2015-05-12,76.260002,76.900002,75.300003,76.57,2082600,76.57
2015-05-11,76.32,77.339996,76.07,76.790001,2139400,76.790001
2015-05-08,75.279999,76.519997,75.050003,76.309998,1585600,76.309998
2015-05-07,74.400002,74.839996,74.169998,74.730003,2009500,74.730003
2015-05-06,75.080002,75.470001,73.959999,74.480003,1997300,74.480003
2015-05-05,75.349998,75.629997,74.75,75.00,2052200,75.00
2015-05-04,76.43,76.989998,75.82,75.849998,1655600,75.849998
2015-05-01,76.290001,76.669998,75.660004,76.43,1745400,76.43
2015-04-30,76.400002,77.239998,75.309998,76.059998,2109200,76.059998
2015-04-29,75.610001,77.260002,75.470001,76.650002,2423900,76.650002
2015-04-28,76.339996,77.089996,75.870003,76.019997,1698200,76.019997
2015-04-27,76.839996,77.290001,76.360001,76.550003,1653200,76.550003
2015-04-24,76.410004,77.209999,75.839996,76.540001,1831100,76.540001
2015-04-23,75.080002,76.800003,75.00,76.519997,1714100,76.519997
2015-04-22,74.68,75.519997,74.629997,75.50,1523800,75.50
2015-04-21,74.309998,74.879997,74.209999,74.620003,1894600,74.620003
2015-04-20,73.419998,74.300003,73.419998,73.919998,1688300,73.919998
2015-04-17,74.379997,74.550003,72.779999,73.150002,3856500,73.150002
2015-04-16,75.410004,75.690002,75.099998,75.150002,2069800,75.150002
2015-04-15,76.089996,76.50,75.900002,76.029999,1355500,76.029999
2015-04-14,76.019997,76.599998,75.589996,75.949997,1924800,75.949997
2015-04-13,76.440002,77.00,75.889999,76.019997,1230000,76.019997
2015-04-10,76.300003,76.629997,76.00,76.529999,1801200,76.529999
2015-04-09,75.620003,76.349998,75.209999,76.330002,1556200,76.330002
2015-04-08,75.68,76.349998,75.120003,75.440002,1938500,75.440002
2015-04-07,76.07,76.68,75.620003,75.650002,2601300,75.650002
2015-04-06,75.129997,76.650002,74.75,76.230003,2556500,76.230003
2015-04-02,75.169998,76.169998,74.610001,75.68,2158400,75.68
2015-04-01,73.610001,75.099998,73.029999,75.07,3976000,75.07
2015-03-31,73.110001,74.599998,72.940002,73.940002,2556000,73.940002
2015-03-30,73.510002,73.860001,73.099998,73.599998,1880700,73.599998
2015-03-27,72.720001,73.459999,72.559998,73.309998,2085200,73.309998
2015-03-26,72.43,73.360001,72.120003,72.970001,2965300,72.970001
2015-03-25,75.50,75.589996,73.120003,73.129997,3444700,73.129997
2015-03-24,76.110001,76.419998,75.379997,75.449997,2782800,75.449997
2015-03-23,77.110001,77.300003,76.339996,76.349998,1754100,76.349998
2015-03-20,77.669998,77.959999,76.809998,77.360001,3577600,77.360001
2015-03-19,76.480003,77.379997,75.290001,77.139999,3519200,77.139999
2015-03-18,75.50,78.32,74.75,76.889999,10509400,76.889999
2015-03-17,78.220001,79.870003,78.18,79.660004,5719000,79.660004
2015-03-16,78.209999,78.589996,77.800003,78.330002,1851400,78.330002
2015-03-13,77.18,78.059998,76.620003,77.620003,2202800,77.620003
2015-03-12,76.139999,77.440002,75.970001,77.400002,1683200,77.400002
2015-03-11,75.910004,76.779999,75.68,76.010002,1692200,76.010002
2015-03-10,77.25,77.290001,75.989998,76.010002,2622000,76.010002
2015-03-09,77.760002,78.239998,77.43,77.93,2010900,77.93
2015-03-06,78.190002,78.50,77.050003,77.550003,2537100,77.550003
2015-03-05,77.599998,78.709999,77.300003,78.620003,1850100,78.620003
2015-03-04,78.709999,78.739998,77.129997,77.629997,2393600,77.629997
2015-03-03,79.629997,79.989998,78.970001,78.989998,1616300,78.989998
2015-03-02,79.139999,79.790001,78.720001,79.790001,1497700,79.790001
2015-02-27,79.239998,80.300003,78.93,79.099998,3115800,79.099998
2015-02-26,78.32,79.07,78.019997,78.959999,1546000,78.959999
2015-02-25,77.760002,78.440002,77.470001,78.07,1256400,78.07
2015-02-24,78.029999,78.029999,77.080002,77.68,1954300,77.68
2015-02-23,78.650002,78.690002,77.790001,78.099998,1455800,78.099998
2015-02-20,77.760002,78.559998,77.199997,78.550003,1626900,78.550003
2015-02-19,77.419998,77.940002,77.199997,77.730003,1556100,77.730003
2015-02-18,77.019997,78.00,76.800003,77.730003,1683400,77.730003
2015-02-17,76.669998,77.220001,76.309998,77.129997,1986600,77.129997
2015-02-13,74.980003,76.620003,74.769997,76.510002,3819300,76.510002
2015-02-12,73.599998,74.760002,73.309998,74.589996,2243500,74.589996
2015-02-11,72.779999,73.139999,72.349998,73.010002,1600900,73.010002
2015-02-10,72.940002,73.190002,72.110001,72.760002,1696200,72.760002
2015-02-09,72.089996,72.980003,72.040001,72.330002,1627800,72.330002
2015-02-06,73.18,73.620003,72.239998,72.540001,1351300,72.540001
2015-02-05,72.470001,73.18,72.32,73.099998,1438800,73.099998
2015-02-04,71.790001,72.620003,71.779999,72.279999,2165200,72.279999
2015-02-03,71.540001,71.970001,71.00,71.919998,1555900,71.919998
2015-02-02,70.440002,71.199997,69.040001,71.110001,2381900,71.110001
2015-01-30,71.32,71.669998,70.059998,70.129997,2331800,70.129997
2015-01-29,70.029999,71.82,69.779999,71.639999,2538100,71.639999
2015-01-28,71.540001,71.839996,70.07,70.25,2281100,70.25
2015-01-27,71.709999,72.360001,71.059998,71.459999,1798600,71.459999
2015-01-26,72.610001,73.150002,71.68,72.739998,3593700,72.739998
2015-01-23,73.440002,74.400002,73.059998,74.059998,1851700,74.059998
2015-01-22,71.900002,73.650002,70.900002,73.480003,2178500,73.480003
2015-01-21,71.160004,71.889999,70.370003,71.540001,1787900,71.540001
2015-01-20,71.790001,71.989998,70.580002,71.489998,1612000,71.489998
2015-01-16,70.029999,71.849998,70.029999,71.730003,2375300,71.730003
2015-01-15,71.709999,71.75,70.160004,70.290001,2839200,70.290001
2015-01-14,69.879997,70.400002,68.980003,69.989998,1927100,69.989998
2015-01-13,71.949997,72.959999,69.949997,70.589996,2103800,70.589996
2015-01-12,72.129997,72.260002,70.75,71.120003,1337900,71.120003
2015-01-09,72.889999,73.129997,71.629997,71.839996,1730300,71.839996
2015-01-08,71.400002,73.059998,71.309998,72.919998,2624200,72.919998
2015-01-07,70.769997,71.290001,70.419998,71.110001,2378300,71.110001
2015-01-06,71.949997,72.099998,69.879997,70.529999,2895400,70.529999
2015-01-05,72.209999,72.43,71.57,71.980003,2403300,71.980003
2015-01-02,72.699997,73.199997,71.889999,72.339996,2349200,72.339996
2014-12-31,73.400002,74.209999,72.650002,72.699997,1359300,72.699997
2014-12-30,73.629997,73.860001,72.75,73.080002,1581700,73.080002
2014-12-29,74.559998,74.580002,74.00,74.129997,925100,74.129997
2014-12-26,74.739998,75.169998,74.419998,74.669998,1083700,74.669998
2014-12-24,74.489998,74.93,74.370003,74.739998,1204600,74.739998
2014-12-23,74.650002,75.00,74.290001,74.379997,1938400,74.379997
2014-12-22,74.379997,75.139999,74.379997,74.50,3815400,74.50
2014-12-19,75.00,75.239998,73.989998,74.449997,6969500,74.449997
2014-12-18,75.410004,75.540001,74.599998,74.889999,6913500,74.889999
2014-12-17,72.50,74.57,72.160004,74.00,4180900,74.00
2014-12-16,72.870003,73.800003,72.309998,72.32,4051200,72.32
2014-12-15,75.660004,76.129997,72.839996,73.040001,9696700,73.040001
2014-12-12,74.169998,77.559998,73.709999,76.019997,12613700,76.019997
2014-12-11,70.099998,71.139999,69.660004,69.739998,5075100,69.739998
2014-12-10,71.559998,71.970001,69.739998,69.849998,2567900,69.849998
2014-12-09,71.339996,71.660004,70.68,71.57,2866100,71.57
2014-12-08,72.400002,72.779999,71.599998,72.050003,1630100,72.050003
2014-12-05,73.160004,73.25,72.360001,72.400002,3061700,72.400002
2014-12-04,73.089996,73.230003,72.400002,73.029999,1415200,73.029999
2014-12-03,73.639999,73.639999,72.889999,73.18,1569100,73.18
2014-12-02,74.00,74.00,73.080002,73.470001,1836900,73.470001
2014-12-01,73.639999,73.970001,73.199997,73.75,2023300,73.75
2014-11-28,73.129997,74.099998,73.050003,73.68,978400,73.68
2014-11-26,72.080002,73.00,71.739998,72.980003,1467600,72.980003
2014-11-25,71.199997,72.519997,71.199997,72.00,2842600,72.00
2014-11-24,71.519997,71.550003,70.730003,71.220001,1821200,71.220001
2014-11-21,72.00,72.550003,71.18,71.32,4554400,71.32
2014-11-20,70.330002,70.550003,70.019997,70.440002,2250500,70.440002
2014-11-19,71.010002,71.059998,70.419998,70.82,2193800,70.82
2014-11-18,69.860001,71.080002,69.860001,70.830002,2833200,70.830002
2014-11-17,70.980003,71.25,69.870003,69.970001,3443100,69.970001
2014-11-14,71.699997,72.00,71.349998,71.419998,2470500,71.419998
2014-11-13,71.650002,72.080002,71.300003,71.720001,2560800,71.720001
2014-11-12,71.349998,71.730003,71.260002,71.410004,1581700,71.410004
2014-11-11,71.809998,72.00,71.400002,71.699997,1876000,71.699997
2014-11-10,71.629997,72.00,71.18,71.699997,2388800,71.699997
2014-11-07,72.349998,72.400002,71.440002,71.599998,4303100,71.599998
2014-11-06,71.589996,72.370003,71.370003,72.099998,2345300,72.099998
2014-11-05,71.529999,72.040001,70.889999,71.370003,6146600,71.370003
2014-11-04,69.949997,71.099998,69.75,71.07,2996000,71.07
2014-11-03,69.93,70.269997,69.660004,69.910004,1889000,69.910004
2014-10-31,69.889999,70.25,69.269997,70.120003,2949200,70.120003
2014-10-30,67.230003,68.610001,67.230003,68.57,1891200,68.57
2014-10-29,68.209999,68.809998,67.519997,67.93,2054400,67.93
2014-10-28,67.449997,68.510002,67.199997,68.370003,1951100,68.370003
2014-10-27,66.839996,67.339996,66.309998,67.029999,1490800,67.029999
2014-10-24,66.260002,67.080002,65.50,67.010002,1391600,67.010002
2014-10-23,65.620003,66.400002,65.169998,65.919998,1783800,65.919998
2014-10-22,66.309998,66.489998,64.989998,65.040001,2363300,65.040001
2014-10-21,64.839996,66.559998,64.510002,66.43,3222800,66.43
2014-10-20,64.25,64.730003,63.700001,64.68,4266200,64.68
2014-10-17,63.459999,65.129997,63.459999,64.519997,6540800,64.519997
2014-10-16,60.720001,63.720001,60.720001,62.860001,6640000,62.860001
2014-10-15,59.610001,62.650002,58.509998,62.189999,8333600,62.189999
2014-10-14,62.169998,62.299999,60.689999,60.880001,4189500,60.880001
2014-10-13,63.009998,63.349998,61.529999,61.68,4822100,61.68
2014-10-10,65.370003,65.580002,63.290001,63.290001,4640900,63.290001
2014-10-09,67.830002,67.959999,65.480003,65.660004,3376800,65.660004
2014-10-08,66.00,68.089996,65.410004,67.989998,3562500,67.989998
2014-10-07,67.400002,67.629997,65.93,65.959999,3308200,65.959999
2014-10-06,68.559998,68.800003,67.449997,67.669998,1586000,67.669998